币              行数   信号   交易    胜率%    净利USDT     收益%
-------------------------------------------------------
MUBARAK      5689   37   37   62.2    20,083   200.8
COLLECT      5593   65   65   50.8    10,902   109.0
TUT          5689   51   51   58.8    16,336   163.4
KITE         5689   37   37   51.4    18,581   185.8
PROM         5689   46   46   47.8     4,034    40.3
SIREN        5689   70   70   44.3     6,548    65.5
GWEI         4921   57   57   47.4     7,055    70.6
USELESS      5689   52   52   48.1    12,237   122.4
BANK         5689   57   57   43.9       508     5.1
MOVR         5689   35   35   45.7    -1,709   -17.1
BLESS        5689   65   65   47.7    13,148   131.5

合计净利: 107,724 USDT
(Jesse 2026 参考: MUBARAK 24,949 COLLECT 16,449 TUT 14,830 KITE 14,437 PROM 13,383 SIREN 12,483 GWEI 11,534 USELESS 10,029 BANK 9,423 MOVR 5,874 BLESS 5,775)
